10021991m
1001main
100168n
100158
10015322
100149
100123
10012011
1001200
10011986m
10011941
1001100
100100100
1000xthntq
1000prwk
1000cc
1000999
100023
1000115
100000000
0ztjb4
0yFKO
0wnzp0rn
0video
0utlaw
0times0
0t9vo5
0Pussy
0phil0
0panacea
0p0p0p
0o0o0o0o
0money
0livia
0h4661
0futat
0e9xzn
0e23984c
0ct0ber
0blivi0n
09jgk3
09januar
09e07030
099999
0990526994
099000
098oiu
0987667890
0987654321qw
0987654321qaz
09876543210
098764
098709
09810981
09809809
0977006273
0973076363
0972
096800
096609
0964
096209
0956
0953tm
095114
09470947
094196
0936
0935496111
093412
09310931
093080
093057
092992
092980
092894
092877
092872
092801
092780
092778
092777
092772
092724
09271978
092699
092669
092666
092664
09260926
092599
092598
092593
092575
092574
092566
092500
092487
092474
09241959
092382
092380
092360
092355
092345
092282
092280
092274
092273
092271
092264
092260
092151
09210921
092074
092001
091995
091987
09197
091968
09196
091958
091952
091905
091870
091778
091777
091682
091679
091675
091673
091561
091478
091473
091400
091397
091380
091370
091368
091358
091294m
09129
091253
091250
091249
091234
09122010
09122002
09122001
0912197
0912196
09121953
091202
09119
091148
091122
09112010
09112006
09111967
091100
09110
09108
091058
091048
091040
09102010
09102004
09101952
09101947
09097
090945
09092002
0909199
09091980n
09091953
09091951
09091944
090909q
090909f
090866
090856
090852
09081952
09081900
090807060504030201
090802
090800
0907x
090795
090769
090760
090753
090752
090751
09071954
09071945
09070907
090706
090700
09067
090648
09062011
09062006
09061950
090600
090593m
090590j
090567
090563
090558
09052011
09052009
09052005
09051950
09051946
09050905
09048
090468
090457
090455
090446
09042007
0904198
09041954
090402
090398
090395m
090367
090363
090355
090342
09032011
09032009
09032004
09031982n
09031959
09031945
090309
090300
090297
090270
090255
090254
090251
09022009
0902200
0902198
09021951
090162
090156
090151
090150
09012008
09012007
09012005
09011951
09010901
090105
090103
090090
089786
0890777q
08820882
088088
0877095159
0866
0865dc
08650865
0859
085881416
0854
0853964
08520852a
085200
08500850
0850
0846
0838
0835573
08351892
083400
083176
083167
083165
083155
082981
082972
082955
082902e
082893
082880
082877
082873
082790
082776
082775
082774
082766
082692
082684
082670
082660
082654
082648
082600
082597
082595
082578
082565
082560
082498
082494
082480
082460
082382
082375
082371
08231981
082298
082269
082256
082246
08222280
08220822
082199
082165
0821630
082154
08210821
082032
082006
081997
081991
081987
081986
081981
081977
081976
081965
081961
08196
081959
081951
08190819
081898
081888
081884
081873
08184783
081801
081778
081698
081681
081664
081661
081660
081657
08161981
081597
081581
081580
081577
081493
081485
081478
081465
081404
081373
081365
081298
08129
081263
081262
081261
081252
081234
081227
08122006
08122004
08121991ccc
081207
081206
081153
081151
081150
08111953
08111947
081109
081106
081099
08107
081064
081059
081055
081052
08102008
08102005
08101955n
08101955
080989n
080946
0809199
08091951
08091949
08091948
080890n
080857
080854
080853
080851
080836
08081949
080803
08077
080763
080755
08072005
0807198
08071955
08071954
08071950
080686n
080655
080647
08062009
08061956
08061955
08061947
08060806
080607
080605
080604
080586m
080556
08052007
0805198
08051956
08051947
080503
080499
080459
080448
08042007
08041948
08041947
080400
08040
080393m
08038
080363
080358
080352
080347
08032009
08031956
08030803
080304
08030
080298
08028
08021952
08021949
08021948
080208
080158
080155
080153
080151
08012009
08012008
08012006
08011951
07EeM
07930562
07910791
0784
078346
078078
0769
0765
0763
07610761
0757wb
0757
0755
0753
075237
07470747
0743
0740
073199
073164
073069
073054
073000
072989
072961
07292000
072889
072879
072870
072867
072782
072773
072772
072761
072700
072677
072582
072569
072558
072479
072472
072468
072457
072382
07230723
072300
072291
072281
072280
072270
072269
072183
072165
072074
072066
072049
071992
071990
071985
071982
071980
07197
071968
071966
071965
071961
071960
07196
07191971
071898
071800
071774
071727
071671
071599
071582
071574
071528
07151954
07150715
071478
071475
071470
071401
0712rob
07129
071286m
071260
071255
071254
071252
07122009
0712197
07121955
07121951
071207
071190j
07119
071188n
07118
071166
071157
071154
071150
071147
07112008
07112003
07111943
071107
071100
071060
071052
07102011
07102006
07102005
07102004
07101989m
07101986n
07101954
071002
070998
070990m
07099
070971
070969
070950
070946
07092008
07092005
07091981m
07091956
07091950
070904
07086
070857
07082005
07082003
07081958
07081954
07081949
07081947
070808
070806
070803
07080
070794n
070789n
070787m
070758
070756
070753
070750
070749
070746
070741
07071970m
0707197
07071952
07071949
070712
070708
070698
07068
070671
070654
070649
07062009
07062004
07060706
070604
070602
070561
070557
070554
070552
07052008
07052004
07051999
07051981m
07051949
070512
070500
070454
070450
070446
07042007
07042005
0704200
0704199
0704198
07041952
07041951
070409
07036
07032008
07032004
07032001
07031999
0703199
07031964n
07031956
07031955
07031951
07031948
07029
070289070289
070256
070252
070250
070249
07022005
0702198
07021947
070210aa
070203
070202
070172
070169
070168
070165
070163
070159
070158
07012008
07011983m
070107
070106
070103
070100
06degree
069430931
069352250
0693245
069213124
069118721456
06890689
06860686
066hacke
06680668
066705
06611660
065895952
065411
0653
0648
06472re
0644
0641
064064
063084
063070
063069
063068
0630601
063056
06300630
062974
062969
062966
062965
062894
062870
062866
062860
062854
062798
062792
062770
062685
062680
062598
062583
062575
062561
062500
0624poud
062480
062476
062475
062457
062399
062394
062390
062381
062370
062357
062280
062269
06225511
062202
062179
062102
062080
062066
062003
061997
061992
061990
061985
061984
061983
061977
061970
061964
061962
061959
061954
061953
061950
061949
061938
061870
061789
061781
061776
061760
06171969
061686
061676
061671
06160616
061581
061579
061558
061554
061469
061400
061380
06138
061378
061377
061372
06131998
061295n
061263
061259
061248
06122003
06122002
06121953
06121952
06121951
06121946
06120612
061169
061161
061151
061148
06112009
06112007
06112004
0611198
06111954
06111950
061107
06110611
06110
061092n
061056
061053
061049
06102008
06101955
06101953
06101951
061008
06100610
061006
061000
06100
060995j
060987n
060954
060949
0609197
06091945
060908
060866
060852
06082007
06082001
0608200
0608199
06081953
06081952
06081948
06081947
060819
060804
060800
06080
0607937a
060764
060759
060757
060755
060750
06072004
06072002
06071951
06071900
06069
060685m
060683j
06066
060648
06062007
06061987n
06061953
06061951
06061950
060562
060559
060550
060521
06052003
06051952
06051951
06051948
06050605
060467
060457
060456
060454
06042010
06042003
06041953
060407
060401
06038
06037
060357
060353
060346
06032006
06031939
060306
060302
060300
060296
06028006tata
060253
06022004
0602199
06021954
06021950
06021949
06021945
060203
060202
060201
060200
06019
060165
060162
060151
060150
06011990n
06011947
060107
060104
060060
05dagestan05
0597ot
059666
059421
05904853
058030
057yEJa1ZPc3lJX8cI
0576558904
057441
05710571
0560
055818135
0556
055055
05500550
0548
0547334159
0547
054300
0543
0542312345
0542102742
0542
053858
05369
0535vlad
053191
053185
053184
05310531
053079
053053
052999
052968
052963
0528sull
052873
052869
052867
052857
052822020
05280528
052781
052675
052671
052667
052661
05260526
052597
052596
052583
052578
052507
052475
052463
052440
052381
052373
052277
052270
052198
052185
052158
052003
051996
051994
051991
051988
05198
051969
051968
051965
051964
051963
051945
051874
051868
051802
051798
051797
051782
051778
051773
051772
051769
051766
05170517
051682
051681
051665
051663
051645
051618
051605
051593
051581
051568
051562
051479
051477
051475
051414
051369
051361
051292m
05127
051266
051258
051253
051252
051249
05119
051154
051151
051150
051149
05112007
05112006
0511200
05111982n
05111954
05111948
05111947
05111946
05111944
05110802
051106
05110
051092j
05109
05107
05102008
05102007
05102002
051020
05101991m
05101954
05101951
05101943
051006
051005
051000
050961
050957
05092005
0509197
05091953
05091948
050894ab
05087
050846
050845
05082007
05081951
050809
0507729787
050761
050747
05072092
05072009
05071993zxc
05071951
050710
050706
050705
050694n
050663
050647
05062011
05061956
05061951
0506070809
050605
050601
050595n
050595m
050592n
050580m
05057
050561
050549
050545
05052960303
05052009
05052002
0505200
05051994m
05051948
05051910
050502
050498
050485j
050459
050450
05041955
05041951
05041941
050412053
050353
050350
0503202
05032006
0503198
05031949
050298
050251
050241
05022009
05022004
0502198531
05021948
050202
050201
05018
050164
050163
050147
050146
05012004
05011945
050104
050100
050
04poTSh
0495845368
04920492
048jhn42
048926
048827
048726
0468ts
0464
0457730
045674
04560456
04510451
045045
0448150
0447596
044700
0444
04401bro
04322340
043078
043076
043074
042978
042971
042955
042897
042879
042862
042803
04270
042681
042680
042670
042655
04261980
04260426
042599
042575
042570
042500
042495
042485
042381
042379
042378
042361
042348
04231972
04230423
042281
042264
042250
042248
042199
042187
042178
042177
042172
042070
042064
042010
041999
04199
041986
041979
041971
041969
041968
041963
041956
041894
041880
041869
041868
041856
041797
041769
041758
041674
041653
041599
041580
041567
041500
041467
041455
041404
041401
041391
041381
04130413
041285m
04127
041260
041248
04122003
04121946
041162
04116
041155
041154
04112006
0411198
04111947
04111943
041109
04110
04108
041054
04102002
04101953
04101950
04101949
041004
040956
040955
040952
040940
04092004
04092002
04091950
04091948
040907
040905
040904
04089
040858
040854
040853
04081952
04081951
040806
04080
0407839
04076
040754
040745
04072002
04071956
04071955
04071951
04071950
040709
04070407
04062010
04062007
04062005
04061949
04061948
040606
040600
04060
040593m
040592m
040550
04052011
04051990m
04051949
04051948
04051900
04051
040504
0404tue
040495m
040492ab
04049
04047
040459
040452
040441
0404200
04041994n
04041950
04041946
04041900
040409
04036
040359
040354
04032011
04032002
040308
040305
04030201
040300
040299
04028
040251
04022007
04022003
04021958
04021952
040208
040205
04020402
040202
040198
040167
040159
040158
040153
04012002
04011951
04011950
03ma17ri
03jan195
0399
0398
039047
0384pro2
038056
03661
036123
03600360
0360
0358
0356033
0350365
03434111340
0340
03330333
033234
0331011ad
033100
0330xx3s
033090
03300330
033000
0329775
032977
032971
032962
032886
032882
032879
032874
032860
032770
032765
032764
032694
032680
032677
032661
032576
032566
032525
03250325
032481
032396
032390
03239
032384
032373
032369
032359
032281
032269
032164
032157
032088
032061
032060
032001
031996
031982
031981
031965
031963
031952
031947
03191975
031883
031878
031877
031765
031762
031760
031672
031671
031618
031554
031478
031470
031469
031458
031448
03141516
031399
031381
031367
031286m
03128
031251
03125
03122006
03122002
03121956
03121952
03121944
031205
031201
031200
031199
031164
031162
031160
031158
031153
031145
0311198
03111954
03111951
031106
031104
031102
0310cip
03109
031060220793
031060
031056
031052
03102004
03101950
03101942
031011
031008
030960
030959
030954
03092006
03092005
03092004
03092002
0309199
03091988m
03091948
030904
030900
03090
03089
030847
030829
03081958
03081953
030815
030808
030758
030751
03072008
03071987m
03071951
030704
030693n
03067
030655
030650
03062011
03062006
03062004
03061989m
0306198
03061957
03061950
030607
03060306
030603
030600
030565
030558
030555
030554
03052010
03052003
03052002
03051995AZ
0305197
03051954
030460
030457
030430
03042010
03042005
03042004
0304197
03041956
03041954
03041953
03041951
03041948
030409
030408
030402
03040
030394j
030394ann
030393m
030387j
030386m
030349
030343
030340
03031988m
030304
030299
030265
030257
030252
03022005
03022003
03021983m
03021953
030200
030168
030160
03016
030158
030156
030150
03011947
030104
030103
02toad21
02pony
02Harley
02fvjh
02920292
02868901
0285kll
028028
02780
0264
0262
026159
02600260
0258520
0251263
02510370
024759
02460246
02420242
023202
022879
022859
022800
022781
022779
022775
022694
02269
022682
022680
022678
022677
022676
022664
02261943
022564
022541BODA
02251966
02250225
022500
022475
022462
022447
02240224
022384
022354
02232
02220
022185
022177
022165
022121
022079
022069
02201974
022005
021997
021994
021991
02198
021975
021953
02190
021881
021869
021784
021778
021769
021767
02171978
021691
021684
021683
021585
021584
021581
021578
021483
021477
021476
021440
021399
021378
02129
021284n
021263
021257
021255
02122005
02122004
0212198
02121973n
02121947
021212
021206
021201
02119
0211784
021170bn
021158
021156
02115
021135
02112008
021120
02111950
02111947
02111946
021101
02109
02106502
021054
021045
02102004
02102003
02101989n
02101952
02101951
021011
021010
021006
02100210
020957
020954
02092003
02091
020908
020905
020900
020895n
020894n
020890m
020862
020856
020855
020854
020850
020842
02082003
0208199
0208198
020807
020801
020790m
02077
020753
020751
020749
02072010
02072005
02072003
02071
020707
02069
02068
020662
020655
020654
020650
020647
02062009
02062002
0206200
02061957
02061954
02061953
02061195
020606
02059
020563
020552
02052010
020505
02050303s
02050205
020466
02046
020452
020451
0204199
02041952
020405
020404
020400
020397
02039
02038
020364
020357
020352
02032005
0203200
02031950
02031948
02031946
020310
020306
02030405
02030
020292n
020290m
020258
02022005
0202200
02021991n
02021949
02021900
020210
020206
020200
02018
020157
020134
02012005
02011953
020108
020102
02010
020
01zach01
01t09J2004
01ranger
01jetta
01gee
01a02b
019880
019860
019435
019000
0179937
01721
01680168
0165672
01630082
016080
01560156
01550155
01540154
014890
014811
014789632
014785
01478
014370
01410141
01379
0136
013160
013099
013072
013061
0129kit
012979
012978
012968
012938
01290129
012894
012880bs
012880
012872
012857
01281989
01281987
01281983
012801
012789
012780
012768
012761
012757
0127144
012683
012668
012585
01258
012576
012571
012551
012476
012474
012464
01245
012356
0123456a
0123456789q
012290
012277
012276
012259
012256
01220507
012179
012175
012163
01210121
012100
012098
012095
01209
012078
012069
012067
012054
011997
011995
011988
011985
011982
011979
011976
011968
011964
011961
011957
011901
011857
011855
011846
01170117
011699
01169385
01161997
011574
011496
011479
011477
011475
011471
011374
011369
01130113
01129008
011264
011255
01123581321
01122003
0112199
0112198
01121949
01121910
011209
01120
011157
011146
01112004
01112003
0111196
011108
011103
011089m
011086n
011065
011054
01101992n
01101900
011008
011006
011005
011003
010995n
010990m
010953
010950
010947
010946
010945
010944
01091990n
01091988n
01091949
01091948
01091910
010901
010856
010852
010851
010849
01082007
01082004
01081956
01081953
01081951
010809
010760
010757
010756
010753
010748
01071968m
01071952
01071949
010701
010659
010646
01061991z
01061957
01061942
010614
010610
010604
01060
010586m
010585n
010546
01052004
01052003
0105198
01051959n
01051947
01051946
01051945
01051943
010504
010500
01050
010493n
010485n
01047
010459
010455
0104200
01041989m
01041952
01041948
01041947
01041946
010408
010404
010394j
010392m
01037
01031980n
010258
0102566
010256
01021984m
0102198
01021947
010205
010203s
010203i
01020345
010203040
010196n
010192n
010190j
010188m
010187m
010186n
010163m
010146
010141
01011995i
01011993j
01011988n
01011976m
01011971n
01011961n
01011954m
01011944
01011940
01011930
01011923
01011917
01011913
01011909
010104
01010202
010101a
0101010101
01001011
0.1.000
00u8one
00sieben
00she23
00pp00
00oo00
00mt72
00ibill
00e555
00d31044
00buick
009988w
009911
00990
009706
0096utr
009651
009222
00921
0092
0089
0085752
0085
008134
008129
008000
007e
007bon
0079010
007888
0078
0077zz
007788
007690
007212
00710071
00700000
006888
00666
006381
00620062
006200
005Maggie
0057087
005673
005527
005300
005273
005005
004900
00478963
004649
004590
004576
004423
00425
0040885
003hacke
003682
003600
003400
00336900
00331
002829
002710
002700
002665
002512
00250025abc
00250025
002356
002304
00230023
002269
002151
002108
001997
00199
001988
001984
001976
001973
001968
001961
001950
001928
001914
001903
00190019
00190
001875
001855
00170017
001492
0014569326m
001326
0012fu
001279
001247
001216
001213
001199
001147
00113
001127
0011223344
00110
00102
001010
000xxx000
000ppp
000917
000855
000789
000777fff
000731
000721
00069147
000522
000515
000514
000511
0005000
000423
000418
000415
000400
000369
000335
000323
000283
000241
000169
000153
000127
000125
00011202
000111000
000108
00010001
0000zzzz
0000nnn
000088
00008475
00007777
000074
000070
00006666
000065
000054
000046
000045
00004
000033
000029
000027
00002000
000020
00002
00001976
000016
00001234
000001234
000000r
000000n
000000m
000000k
000000c
00000069
0000006
00000000q
00000000000000000000
000000000000000
@@@@@@@
....
!@#$%
____
______
ZZZZZZZZZZ
zzzzzzzzx
zzzzzzx
zzzzzz123
zzzzzz11
Zzzzzz
zzzzzxxxxx
zzzzz12345
ZZZZ
zzzxxxcccvvv
zzzxxx1
ZZZP2a
zzzooo
zzZm4RR666
zzzaaazzzh
zzz999
zzz333zzZ
zzz321
zzz1978
zzz11
zzz007
zzz
zzxxccvvbb
zzw30mr2
zzub
zztopp
zztop69
zztits
zzr400
zzmazda
zzllzl
zziggy
zzar5058
zzaa
zz77rap77zz
zz610i
Zz5429215
Zz19911991
Zz1253303
zz123zz
Zz123321
Zz123123
Zz121312
zz121
zz112233
Zz010203
zz00zz
zyzzyx
zyzzyva
zyzzx15i
zyzzie
ZYY310
zyxwvuts
zyxwvut
zyxwv
zyxels
zyxel72k51
zyxel111
zywx
zyrtec
zyphr
zypher
zymaraki
zykova
zyklon
zyk123
zyj4rf
zygmunt
zYG2
zyfcnz
zyfcegth
zyf1997
zyekmrf
zydras
Zydfhm2011
Zydfhm20
ZyDfHm
Zydfhcrfz27
zybaze
zyanya
Zy4aa99
zxzxzxzxzxzx
zxzxzxzx1
zxxzzx
zxxxcvb
zxxcvb
zxvtym
zxty86e3
zxsxxz
zxswqa
zxsw2345
zxsder45
ZXQ1315e
zxmn1209
zxi1100
zxczxc435
zxczxc21
zxcvzxcvzxcv
zxcvzxc
zxcvfds
zxcvbrewq
zxcvbqwert
zxcvbnzxcvbn
zxcvbnr
zxcvbnmasdfghj
zxcvbnmasdf
zxcvbnmasd
zxcvbnm29
zxcvbnm2010
zxcvbnm13
zxcvbnm1234567890
Zxcvbnm12345
zxcvbnm12345
zxcvbnm11
ZXCVBNM1
zxcvbnm00
zxcvbn96
zxcvbn9
zxcvbn67
zxcvbn6
zxcvbn42
zxcvbn22
zxcvbn12345
zxcvbn1234
ZXCVBN11
zxcvbn11
zxcvbn09
zxcvb2000
zxcvb159
zxcvb10
zxcvb00
zxcvasqw
Zxcvaq11
zxcv777
zxcv5b
zxcv55
zxcv456
Zxcv4321
zxcv32
zxcv22
zxcv2000
zxcv123456
ZXCV1234
zxcv1
zxcqwe12
zxcMNB1209
zxcjs12
zxcdsaqwerfv
zxcdsaqwe321
zxcdsa123
zxcasdzxc
zxcASDqwe
zxcasdf
Zxcasd123
zxc911
zxc890
zxc852
zxc777
zxc567
zxc555
zxc258
zxc124
zxc123vbn
zxc123asd456
zxc0987
zxc0258
zxaszxas
zxasqw1986
Zxasqw12
zxASqw12
zx9r
zx7r7488
zx636r
zx454888ebay
zx42635942
zx3zx3
zx1994
zx12cv
ZX1254tanj
zx123v
zx123456c
zx1000
zwobbel
zwetok
zwesda
zwergg
zwerg
zwei
ZwCulb
zwartje
zwange
zw3iJR9x
ZvuT6fjA
zvuk
zvonarev
zvezdochet
zvezda2010
zvezda11
zvezda1
zvezda07
zvetok
zvetochek
zver
zvbkkbjyth
zvatps
Zv9Wa2m8
zuzura
zuzumymw
zuzia78
zuurkool
zutzut
zusje
zuriko
zurigo
zurabi
zUPR4
zunzun
Zuniga11
zunidog
zuni
zunami
zumwalt
zumazuma
zuma2011
zuma11
zuma10
zulu54
zulu2000
zulu200
zulu13
zulu1
ZULU
zultse
zulia
zulfuqar
zukkialo
zukinorita
zuka2268
zuizui
zuiki
zueva
zuev
zuefh696
zuefh50
zuckerman
zuckerbo
zucchina
zucchi
zubova
zuber
zubastik
zub97hen
ZtpFe
ztorture
Ztn3tourney1
ztcnmz
zszszszs
zsxd2222
zsqwax123
zsf611
zsezse
zsefvgy
zsedcft
zse4rfvgy7
zscvgnjm
zrokeh
zrock
zrhfcbdfz
Zrhenjqxtk1
zreitd
zregjd
zrbvjdf
zr789
zqxwcevr
zqxctpqp
zqst787
zpyf.gfhjkm
zpxn02
ZpVtEB
zplanebz
zpfqrf
zozi83
zoyrun
zowie01
zovirax
zotteke
zosojp
zosky1
zosimo
zosia
zorrozor
zorroro
zorroos
zorro99
zorro9
zorro71
zorro555
zorro5
zorro13
zorro100
zorro001
zorra
zoro11
Zorin796
zorglub2
zorglub1
zorglu
zorg12345
zorenia2
zordak
zorba11
zorazora
zoqui
zopies
zoots
Zooropa1
zoop1759
zooooo
zoomy
zoomer1
zoomair
zoom777
zoom2000
zoom11
zoolook137
zoolo
zoo999
zonyme
zonnetje
zonneblo
zonkers
Zonezone
zoner
zone1
zonazona
zona2000
zomglol
zomg123
zombik
Zombies
zombie666
ZOMBIE66
zombie66
zombie33
zombie12
zombie11
zomack
zolzol
zolushka95
zolushka5
zolushka18
zolushka13
zoltrix2
Zolter1992
zolotova
zoloto666
zolotaya
zolleh
zolituck
zoletil
zolazola
zolan1997
zoketa
zoink
zoidomon
zoidber
zogger
zoey11
zoetessa
zoerose
zoeis6
zoe123
zodzod
zodiaco
zodiac12
zocker
zocalo
zobra
zobi
znieh
znfrfzrfrfztcnm
znfrfz
znex5626
zndbv2z1
zmxncbvv
zmoney22
zmlwgt
zmle37
zmikez
zmichell
ZmeY1986
zmdhtafy
zman11
zm9739
Zm8b3x6
zlodeivot88w3er
zlo666
zljdbnsq
zldbuf
zlatina
zlatazlata
zlata311
zlata12345
zlata123
ZKXjJd
zksmzms1
zks157123
zks15712
Zkjkbot1
zkf2s4n4
zkenmitxtvns
zkdlwj
zizou1
zizaziza
zivykuvu
ziuta1
zitronus
zitin8185
zispin30
zirconium
zirby5
zipzip0916
zipsbucs
zips1234
zips
zippy99
zippy9
zippy2u
zippy100
zippy10
zipppp
zipporah
zippo99
zippo77
Zippo
zippity
zipperma
zipperhe
zippered
zipped
zipolite
zipit1
zip904
zip2me
zip10
zip000
ziontrain
ziomek12
ziomek1
ziolo
zinsser
Zinochka2
zinnia
zink
zingruss
zingo
zingara
zing
zinder
ZINAL200
zina2011
zimzam
Zimmer
zimme
zimman
zimin
zimele
zimbaba
zimaletto
zimaleto
zima2012
zima2008
zima1
zilvinas
Zillion1
zilla32
zilch7
zilch
zil131
zikyxinu
zika
ZiK468
zigzig
zigzag3
zigulka
zigman
Ziglar
ziglar
ziggyzig
ziggyy65
ziggyy
ziggyman
ziggyg
ziggy8292
ziggy70
ziggy69
ziggy44
ziggy4
zigggy
ziggas
zigg
zigfrid
zigenare
zigazaga88
zifirum
ziffel
ziezie
zielinski
zidane05
zidan10
ziborov
zibbi
ziba
Zhyreh62
zhuangzi
zhSLEzT2
zhopazhopa
zhjdfz
zhjckfdzhjckfd
zhjckfd2009
zhise9r99
zhI2fGE169
zhenya1515
zhenshen
zhenia
zheka1997
zheka123
zhbr2010
zhbr123
zharris
zhanym
zhang1
zhandos
zhanat
zhanar
zH7MQ1ZigP
zgxvgvzn
zgundam
zgmfx10a
zgjyb
zgjsnj
zgjkyfzlehf
zghzzw
zg3tmt75rt
zg12345
zfynjy
zfvbh678
zezova29
zezimazezima
zezima12345
zezima123
zexx
zevzev
zevs123
zevfvslehjxrf